Airplane 107.419648 54.22095 176.690176 79.32414
Airplane 112.439296 73.299345 189.741056 114.46743
Airplane 162.635776 14.05761 190.7456 66.27054
Airplane 190.7456 58.237725 294.14912 96.39377999999999
Airplane 194.760704 33.13527 263.027712 70.28658
Airplane 337.317888 0.0 450.760704 74.303355
Airplane 400.564224 94.385025 678.65088 305.24623499999996
Airplane 492.925952 0.0 592.313344 26.106465
Airplane 668.611584 16.06563 780.04736 78.319395
Airplane 680.658944 0.0 755.95264 28.114485000000002
Airplane 684.674048 82.33617 865.380352 136.55712
Airplane 765.991936 127.520295 1022.99648 238.975695
Airplane 775.027712 2.00802 891.482112 47.19288
Airplane 783.058944 29.118495 865.380352 99.40581
Airplane 869.39648 1.00401 1020.988416 147.6027
Airplane 964.768768 99.40581 1022.99648 177.725205
