0 0.138105125 0.0900965306122449 0.06764700000000001 0.034154
0 0.146913375 0.1269378843537415 0.07548999999999999 0.056010999999999984
0 0.172495875 0.05450014965986394 0.027451000000000003 0.071038
0 0.2360796875 0.10508534013605442 0.10097999999999999 0.051912999999999994
0 0.223399125 0.06957179591836735 0.066667 0.050546
0 0.3840995 0.050340136054421766 0.110784 0.10109299999999999
0 0.5269181875 0.27127214285714285 0.271569 0.286886
0 0.5292245625 0.017687074829931974 0.09705800000000003 0.035519
0 0.7066519375 0.06403487074829932 0.10882400000000003 0.084699
0 0.7008388125 0.01904761904761905 0.07352899999999996 0.038251
0 0.756517625 0.14875669387755103 0.17647100000000004 0.07377
0 0.873039 0.24832693197278913 0.250981 0.15164
0 0.813503625 0.03266397278911565 0.11372500000000008 0.061476
0 0.8047450625 0.08723604761904762 0.08039200000000002 0.095629
0 0.9222621875 0.10068572789115646 0.14803900000000003 0.19945400000000002
0 0.9704773125 0.18830722448979592 0.056863 0.10655699999999999
