0 0.0732421875 0.5862108588873812 0.1475 0.078193
0 0.16015625 0.41376324559023064 0.321875 0.25282399999999994
0 0.236328125 0.3727469362279512 0.130625 0.11294500000000005
0 0.3293359375 0.32084271099050204 0.13874999999999998 0.08079999999999996
0 0.347734375 0.406425894165536 0.138125 0.057342000000000004
0 0.355546875 0.5354977462686566 0.15375 0.061686
0 0.4219921875 0.5657886757123474 0.20937499999999998 0.09991299999999997
0 0.659765625 0.28329207598371775 0.6775 0.42310999999999993
0 0.4020703125 0.5718696757123474 0.15125 0.0981759999999999
0 0.4155859375 0.29641937313432837 0.04625000000000001 0.030408999999999985
0 0.423671875 0.38264678154681137 0.05937500000000001 0.04257099999999998
0 0.4776171875 0.3008710773405699 0.05375000000000002 0.03562100000000001
0 0.7424609375 0.6631329782903664 0.51375 0.16681099999999985
0 0.84734375 0.374318196743555 0.18062500000000004 0.12510800000000002
0 0.817421875 0.5358198588873813 0.09125000000000005 0.07732400000000003
0 0.887578125 0.24422197150610583 0.22312500000000002 0.09296200000000003
0 0.8608203125 0.40973515468113975 0.05687500000000001 0.07297999999999996
0 0.925390625 0.5352729715061059 0.14625 0.092963
