0 0.5078120625 0.1839412408759124 0.206055 0.17518300000000003
0 0.439453125 0.6642332262773722 0.036133000000000026 0.05547500000000003
0 0.4462895 0.5897805401459854 0.04785099999999998 0.029198000000000085
0 0.4794925625 0.8000002700729927 0.03515600000000002 0.017517999999999964
0 0.5078119999999999 0.5897815182481752 0.06347700000000006 0.05109400000000001
0 0.5117182499999999 0.5897813722627737 0.07129000000000002 0.05547399999999998
0 0.524414125 0.6627738321167883 0.03710900000000006 0.026277000000000026
0 0.52832 0.808759394160584 0.03125 0.03211700000000013
0 0.570312375 0.5956203722627738 0.042969000000000035 0.0554739999999999
0 0.571289125 0.5985398102189782 0.03710900000000006 0.04525599999999992
0 0.5771485625 0.808759394160584 0.035155999999999965 0.03211700000000013
0 0.6289063125 0.6000003941605839 0.05761700000000003 0.03503600000000001
0 0.625000375 0.671532686131387 0.0439449999999999 0.02773699999999999
0 0.6298825 0.823357810218978 0.047852000000000006 0.04525500000000004
0 0.624999875 0.7416056861313869 0.027344000000000035 0.029196999999999952
